Data
    affairs gender  age yearsmarried children religiousness education occupation
4         0   male 37.0       10.000       no             3        18          7
5         0 female 27.0        4.000       no             4        14          6
11        0 female 32.0       15.000      yes             1        12          1
16        0   male 57.0       15.000      yes             5        18          6
23        0   male 22.0        0.750       no             2        17          6
29        0 female 32.0        1.500       no             2        17          5
44        0 female 22.0        0.750       no             2        12          1
45        0   male 57.0       15.000      yes             2        14          4
47        0 female 32.0       15.000      yes             4        16          1
49        0   male 22.0        1.500       no             4        14          4
50        0   male 37.0       15.000      yes             2        20          7
55        0   male 27.0        4.000      yes             4        18          6
64        0   male 47.0       15.000      yes             5        17          6
80        0 female 22.0        1.500       no             2        17          5
86        0 female 27.0        4.000       no             4        14          5
93        0 female 37.0       15.000      yes             1        17          5
108       0 female 37.0       15.000      yes             2        18          4
114       0 female 22.0        0.750       no             3        16          5
115       0 female 22.0        1.500       no             2        16          5
116       0 female 27.0       10.000      yes             2        14          1
123       0 female 22.0        1.500       no             2        16          5
127       0 female 22.0        1.500       no             2        16          5
129       0 female 27.0       10.000      yes             4        16          5
134       0 female 32.0       10.000      yes             3        14          1
137       0   male 37.0        4.000      yes             2        20          6
139       0 female 22.0        1.500       no             2        18          5
147       0 female 27.0        7.000       no             4        16          1
151       0   male 42.0       15.000      yes             5        20          6
153       0   male 27.0        4.000      yes             3        16          5
155       0 female 27.0        4.000      yes             3        17          5
162       0   male 42.0       15.000      yes             4        20          6
163       0 female 22.0        1.500       no             3        16          5
165       0   male 27.0        0.417       no             4        17          6
168       0 female 42.0       15.000      yes             5        14          5
170       0   male 32.0        4.000      yes             1        18          6
172       0 female 22.0        1.500       no             4        16          5
184       0 female 42.0       15.000      yes             3        12          1
187       0 female 22.0        4.000       no             4        17          5
192       0   male 22.0        1.500      yes             1        14          3
194       0 female 22.0        0.750       no             3        16          1
210       0   male 32.0       10.000      yes             5        20          6
217       0   male 52.0       15.000      yes             5        18          6
220       0 female 22.0        0.417       no             5        14          1
224       0 female 27.0        4.000      yes             2        18          6
227       0 female 32.0        7.000      yes             5        17          5
228       0   male 22.0        4.000       no             3        16          5
239       0 female 27.0        7.000      yes             4        18          6
241       0 female 42.0       15.000      yes             2        18          5
245       0   male 27.0        1.500      yes             4        16          3
249       0   male 42.0       15.000      yes             2        20          6
262       0 female 22.0        0.750       no             5        14          3
265       0   male 32.0        7.000      yes             2        20          6
267       0   male 27.0        4.000      yes             5        20          6
269       0   male 27.0       10.000      yes             4        20          6
271       0   male 22.0        4.000       no             1        18          5
277       0 female 37.0       15.000      yes             4        14          3
290       0   male 22.0        1.500      yes             5        16          4
292       0 female 37.0       15.000      yes             4        17          1
293       0 female 27.0        0.750       no             4        17          5
295       0   male 32.0       10.000      yes             4        20          6
299       0 female 47.0       15.000      yes             5        14          7
320       0   male 37.0       10.000      yes             3        20          6
321       0 female 22.0        0.750       no             2        16          5
324       0   male 27.0        4.000       no             2        18          4
334       0   male 32.0        7.000       no             4        20          6
351       0   male 42.0       15.000      yes             2        17          3
355       0   male 37.0       10.000      yes             4        20          6
361       0 female 47.0       15.000      yes             3        17          6
362       0 female 22.0        1.500       no             5        16          5
366       0 female 27.0        1.500       no             2        16          6
370       0 female 27.0        4.000       no             3        17          5
374       0 female 32.0       10.000      yes             5        14          4
378       0 female 22.0        0.125       no             2        12          5
381       0   male 47.0       15.000      yes             4        14          4
382       0   male 32.0       15.000      yes             1        14          5
383       0   male 27.0        7.000      yes             4        16          5
384       0 female 22.0        1.500      yes             3        16          5
400       0   male 27.0        4.000      yes             3        17          6
403       0 female 22.0        1.500       no             3        16          5
409       0   male 57.0       15.000      yes             2        14          7
412       0   male 17.5        1.500      yes             3        18          6
413       0   male 57.0       15.000      yes             4        20          6
416       0 female 22.0        0.750       no             2        16          3
418       0   male 42.0        4.000       no             4        17          3
422       0 female 22.0        1.500      yes             4        12          1
435       0 female 22.0        0.417       no             1        17          6
439       0 female 32.0       15.000      yes             4        17          5
445       0 female 27.0        1.500       no             3        18          5
447       0 female 22.0        1.500      yes             3        14          1
448       0 female 37.0       15.000      yes             3        14          1
449       0 female 32.0       15.000      yes             4        14          3
478       0   male 37.0       10.000      yes             2        14          5
482       0   male 37.0       10.000      yes             4        16          5
486       0   male 57.0       15.000      yes             5        20          5
489       0   male 27.0        0.417       no             1        16          3
490       0 female 42.0       15.000      yes             5        14          1
491       0   male 57.0       15.000      yes             3        16          6
492       0   male 37.0       10.000      yes             1        16          6
503       0   male 37.0       15.000      yes             3        17          5
508       0   male 37.0       15.000      yes             4        20          6
509       0 female 27.0       10.000      yes             5        14          1
512       0   male 37.0       10.000      yes             2        18          6
515       0 female 22.0        0.125       no             4        12          4
517       0   male 57.0       15.000      yes             5        20          6
532       0 female 37.0       15.000      yes             4        18          6
533       0   male 22.0        4.000      yes             4        14          6
535       0   male 27.0        7.000      yes             4        18          5
537       0   male 57.0       15.000      yes             4        20          5
538       0   male 32.0       15.000      yes             3        14          6
543       0 female 22.0        1.500       no             2        14          5
547       0 female 32.0        7.000      yes             4        17          1
    rating
4        4
5        4
11       4
16       5
23       3
29       5
44       3
45       4
47       2
49       5
50       2
55       4
64       4
80       4
86       4
93       5
108      3
114      4
115      5
116      5
123      5
127      5
129      4
134      5
137      4
139      5
147      5
151      4
153      5
155      4
162      3
163      5
165      4
168      4
170      4
172      3
184      4
187      5
192      5
194      5
210      5
217      3
220      4
224      1
227      3
228      5
239      5
241      4
245      5
249      4
262      5
265      4
267      5
269      4
271      5
277      1
290      4
292      5
293      4
295      4
299      2
320      4
321      5
324      5
334      4
351      5
355      4
361      5
362      5
366      4
370      5
374      5
378      5
381      3
382      5
383      5
384      5
400      5
403      5
409      2
412      5
413      5
416      4
418      3
422      5
435      4
439      5
445      2
447      5
448      4
449      4
478      3
482      4
486      3
489      4
490      5
491      1
492      4
503      5
508      5
509      5
512      4
515      5
517      5
532      4
533      4
535      4
537      4
538      3
543      4
547      5
 [ reached 'max' / getOption("max.print") -- omitted 490 rows ]
